xread
[Bever et al. 2015]
268 48	

Seymouriadae	000000000000000000000001010000000000001000000010001200000100000000100000000[0 1]00010001000000???00??0?0??001001?00100000000??0100100000000100?02010001010000?20000000000000?00000000000000000000000000000000000000100000000000000000000000000000000000?000000000000000?0000?000

Diadectomorpha	10000000000000000000000001000000000000100000101000[0 1]00011010000001010001100010011[0 1]000[0 1]10000???00??0?1000010[0 1]0[0 1]00000000000??10?00[0 1]0[0 1]00[0 1]000000000100000[0 1]0000?10[0 1][0 1]00000000000000000000000000000000000000000000000000000[0 1]00000000000001[0 1]0000000000000000?000000000000000?00???0?0

Caseidae	000000000000000000[0 1]000001000?0000000100000000000000?00111100000000100001100000100100000000???10001010?0000001000000?0000?????00000000?000000001010[0 1]0[0 1]0000?10000[0 1]00000000001001000000000100000000001000000000000000000000[0 1]00000000100000000000000[0 1]00?000000000000000?00???0?0

Captorhinidae	000100000000000?00000001001?00000000001010000010001200110101100000[0 1]1000121?100001101010000???0???1110000000000010001??010100?00001001?00000000101010[0 1]1000?101000000000000010010000000000000000[0 1]0000001000002000000000000000000000100000000010000000?000000000000000?00???000

Paleothyris	000000000000000?00000000010?0000000?0000?0000010000?00110?01100?00210001201000001100010000???0???111001000001001000?0?0???00???001?01?00?00?001?1?0001000?101?000?0000?0001001000000100100000000000001000101000000000000100000000100000000010101100?000000000000000?00???000

Millerettidae	000000000000000000000000100001000000001020000010001000111000000000200001101000000100210000???[0 1]000111000000001000000011010101100100001?0100000010111001000?001000000000000[0 1]000100000?0001000?0?000000?00?0111?00?0?0100001000??000100001000110?00100?00001000101?000?0020?000

Acleistorhinus	00000100000000000000110001000110010000[1 2]??0001011101000101100000010100011101000111100110010???1011111000000001010011010010001000000011?00?10?20101001010???0?1??10?010010?01001??????????????????????????????????????????????????????????????????????????????????????????????

Macroleter	10000100010000000000100001100100010?002120000010111110110100000?0020001110111??00100010100???10111111000000010101100111101010110000?0021011111011002110?0?1?111100010010?000010000000002001?0?001010?1000001000100010001100001?00110001000010001000?0?0000001?????????????0?

Bradysaurus	2000010000?000000001100100000100000?0010?011000000111011010000000000001011?11??10102001100???0???111111100101010110011110101010000?110?0?11?0101101111000?0111110100001101002110000?0002001111001011?10000022001000110110000000001100010000210200110010000001000000?00??00??

Scutosaurus	20000100000000000000100101000100000?0010?011000000111011010000000000001010111??00102001100???0???111111100101010110011110101010000?11001?11?0101101111000?0111110100?01101002111000?0002001111101011?10000022001000110110010000001100010000210200112110000001000000?00??00??

Procolophon	0000010000000000001010010001010001000121?1000010110?001101000000000001??10111??10101101010???101111101110011?01010001001000100100001001101100110111110100?011111000100110100010[0 1]00001002001100101010?100[0 1]00210010001001100000100011100100002011001[0 1]0000000001000000?0020?000

Araeoscelidia	10000000000000000000000101011000000?000000011010100?00110001100?00110001201[0 1]001[0 1][0 1]10001001100010011110000001[0 1]10011000020110010?0000001?00?00?00101?10[0 1]100??1010000001000000100100000010010000000011000100010[1 2]000000000000100000101100000000110101100?000000000000000?00???0?0

Claudiosaurus	100001000000000?00?010011?010000011?10???000?010100?00111001101?1011001121?0001011000100110011101111000001101101100012011001001001111????00?001?0?10110???1010010001000001000100?0011011000010111?00100101121001010000101?0111000100000000010100100?000000000000000?00???0?0

Younginiformes	100000000000000000001100010100000100000000010010100?001110011010001100012011001011000100110001001111000000001101100010011001000101001?11?0010110101001000?101001000000?001100100000110010001?0[0 1]1[0 1]1?010000011[0 2]0[0 1]1010100111?0101101100000100110101100?000000000000000?00???0?0

Kuehneosauridae	100001010?00000?000010011?11?000011110?0?[0 1]000010100?00111011111?000101??21?00012101????011001110?10?????[0 1]??00??1110???011?[0 1]???1111011?????0?011?1110011?0?1010?0????01?111000100100?11?1110?10????0010000111012?111?00101?0101???10??????0?10101?00?010000000000000?00???0?0

Rhynchocephalia	2000000000000000000011001000000002?1?0?0?1011010000?001110111211000111??21?001101100110001001100111100111001?10100001001100[0 1]101111011?1110101110110111110?1110110001011001030100[0 1]01?1001[0 1]00110112100100001[0 1]12000111000101[0 1]01010111110[0 1]1111120101100?000000000000000?0010?000

Squamata	[0 1]0[0 1]00[0 1]00[0 1][0 1]0000000000110100100000020100?0?10[0 1]11100[0 1]0?0011[0 1]0[0 1]11211000111??21?1[0 1]012001????011000110?11100110011?001000012011010?01111011?1110111110110111110?1110111[0 1]010111010[0 3][0 1]1001[0 2][0 1]1100110011[0 1]1[0 1]210010001111[0 2]10[0 1]111000101[0 1]0101[0 1]11111011111[0 1]20101100?010000000000000000???0?0

Rhynchosauria	00011101111010010000110100100100010000?0?0010010000?001100111310000111??21?1011110001100111111101110??000001?001100011011001001101011??110011100111111010?111001110101111102?10010011001000110111?0010[0 1]00011010110000110110101111120101110110101110?000000000000000?0010?000

Prolacertiformes	1001[0 1][0 1]00[0 1][0 1][0 1]000010001[0 1]001[0 1]0[0 1]001000[1 2]0000?0?[0 1]01[0 1]010000?001100011[1 2]1[0 1]01100[0 1]1?21?[0 1][0 1][0 1]100000[0 1]100110001101111000[0 1]000[0 1]11011000100110010[0 1]11[0 1]1011?11?000[1 2]1101[0 1]1011110?1010?10001001[0 1]110001001[0 2]0?1[0 1]11[0 1]001101101001000001201[1 2]111[0 1]001101?0101100120[0 1][0 1]11[0 1]0[0 1]10101100?000000000000000?00???0?0

Trilophosaurus	100010001001??010000??0???0??1000????????0011010000?0??0??111311?1??01??21??001????????0?11110???111?00?1011100111001??11010??110??11??10??111??01?111110?01110000010?110100010?1[1 2]011011000?10111?1010000012010000000110110101100120101110110101100?000000000000000?00???0?0

Archosauriformes	100[0 1]1100[0 1]01000010001100[0 1][0 1]00001001[1 2]0000?0?10[0 1][0 1]010[0 1]00?00110011111[0 1]010101??21?1011110001100110[0 1]010011[0 1]1[0 1]0000001?10100001[0 1]011000?0110[0 1]011??1?0[0 1]1[0 1]11?11[0 1]111[0 1]111201[0 1]?100010001110101001[0 1 2]0?1[0 1]11[0 1]101101111[0 1]010[0 1][0 1]01[0 1]1110111000110103[1 2][0 1]11011201[0 1]11100101011010000000000000000?00100000

Eunotosaurus	200001000000000100011100100000000200[0 1]0100011001000100010010000001010000111?01??0?00021001100111010?1001100001001000010011001100100101?21100?0110?1111101100110110101001001000110000?1101000?1??00?101000000220????010?001101110001[0 1]?00010?110000000??0011111112100010020?010

Sinosaurosphargis	1110011010?0000?010011010?000?1002???0???011101010??011?0011111??00111??21?10010??1?????00???11????101111011?1??11?012?0??1????0?1?11???????1???11111?0???201?????010??0?1000???????????????????????????????????????????????????????????????????????????????????????????????

Placodus	211001100100110?010111000?10010102?1?0?0?0110000100?001001111111?001[0 1]1??21?1000011001100011010???101?1211011?001110012110[0 1]00?01101011???1001011?1?1111110?1111110?0010110101?100000?1111111?11111000101111110121??1?00101101111?01000110000?01000010?00000010000000?00101001

Eosauropterygia	[1 2][0 1]1001100[0 1]000[0 1][0 1]?[0 1]00011[0 1]0[0 1]0[0 1]000[0 1]002?1?0?0?00[0 1][0 1][0 1]1[0 1][0 1]00?001[0 1][0 1]0111[0 1 2 3]11?0[0 1 2]1[0 1]1??21?[0 1]00[0 1]011[0 1]0[0 1]100[0 1]1[0 1][0 1]1110110[0 1]01[0 1][0 1]1[0 1]11?101?10[0 1]1200??1[0 1]00[0 1]101011???10[0 1][0 1]11101[0 1]1111110?[1 2]01000[0 1]10[0 1][0 1][0 1]011[0 1]0101101[0 1]1?111110101[0 1]1[0 1][0 1]020101[0 1]1111[0 1][0 1][1 2]11?1?0010110[1 2]11[0 1]10100011000020100000??00000000000000?0010?000

Odontochelys	200001000??0000?0000??0????????0020??0???0?1?000?0100?1???0??00??1?????????0??????????0000???0?????100??000010?1000????????11?010???1???????????1111110???0?????????0??001000110100?1?0?1001111???20???0?01??121111?0???1??01111111100?110?2?110011?0?111111112?110?1121?010

Proganochelys	200001010101??0100001100101?10??02000021?01000000010011?0101100111?101??21?000021000210000???0???1110011001001011001??111101001110111?21101101001111110111011011110100100?????111001110110011100002210101002210010100001111011111111001110100120011010111111012111111121?110

Orovenator	100001001?0000000000100010???000000010???0001010001000???????01?????0???2??0001????????0?1000100???10???00001??110?01?01100??00?0?????001????1????100??????01??01?0??1?0?10?01??00??1???????????????????????????????????????????????????????????????????????????????????????

Microleter	100???000?0?0?000010000010???100000?1011?0001010001200111000000??01000111??01??1?101110010???1101????????01???10000???0????????000?000??????0?????????????00?0010?0??000?10001??????????????????????????????????????????????????????????????????????????????????????????????

Mesosaurus	101000101100010000010001011?000001000000?1001010100?00110?00000?0011000110101??01101000010???[0 1]10111100000001?1010001??0???0100?000?01?000?0?00?01000100?0?0010000000100101000100100?[0 1]00010000000000000010111201101000000110111000100000100010000000?000000000000000?0000?0?0

Australothyris	00000?000?00000?0??????111???1000?1000[1 2]020?0?01??01000100000000??01000001010?0?1?101100010???100110110?100001?101000100???00000001?10000?00?00100?11001?0?0?1?000?000010?10001??????????????????0???????????????????????????????????????????????????????????????????????????

Nyctiphruretus	10000100000000000000110001000100020?002121000010011100110100000??020001110101??00001200000???111111100?0000010001000111100010100?0?11????10?00?01?11110?0?001?110?0100010100010????????2??1?????1010?????0?1?0?0???1???0100?????110???????00?0??0?0?????????1???????????????

Belebey	100001000000000?00000001011001000000002120001010010?00110111100??021000120001??01101100000???1011??110011121?11010001000??10?0?000001???0???0??0?00011?00?12101100010010?10001?????????2??????????0????????1???????0????1?????????????????????????0?????????????????????????

Delorhynchus	000001000??0000000101100111011000200001120001010101010110100000??01000011010001?1?00110010???10011?11??000001001?0?00100??0100?0?0?11?00?00???????1101????0000010?010011010?01??00??10?10????1?110000??0010120????????????????????????????????????????000000?00?000?00??????
	
Eudibamus	?????1?0??????????0?0????????????????021??????10??0?00???1111????0??????2??0????1??1?00?00???1?11???????1121?11??0001??????????0?0??????????0???0?0?11????22??????00??10?1000100???????2?0000???1000???1?1?1?1?????0???11?1???1?010??0?00?1?00011?0??1000000?00?000?00??????

Emeroleter	200001000?00000?0000100001???1000200002120001010111000110100000??00000?110101??1??00111000???0?????11???00001?00?100???100?10??0?0?101??????????1?12110???1????1??0?01?0?10?0100??0?1002001??001?011???0011?2001?0?1????1?0???1?011??0010?000101100???000000000?000??0??????

Nycteroleter	?????1?0??????????0?10???0???1???2???0212?????10?1110????1000????010?00110100???0??0?1?1?0???0?????11??0?000??10?10????10??????0?0?101????????????12110???1???11??01???0?10?01??????????????????????????????????????????????????????????????????????????????????????????????

Owenetta	000001000000000000101001000?010001000121?0000010110?0010010000000000000011?11??00100100000???111111100110011?0101000110101010010000000???11?00001?11111?0?011111000100110000010?000?0002001?0??010?0?10000?10101??0100?0000???0?01?0?????0?????10?0?000000001000000?00???0?0

Barasaurus	000?01000?00??0?0010100?00???1?000???1?1?0000010?11?001?0100000??000000011?01???0?001000?0???121111100?10011??1010001?010?0??010?0?000???1??0?101?11111???0??????????????10?010????????2??1?????1010?????0?1?1?1???1????1?????000111?0000?0100010?0???000??01????00?0???????

Bamesensis	000001000?001000000?100000???100010?00212?????10?111001?01000?0??010?011101[0 1]00010?00111000???0???1111??0?000??00?1001?1??????1?0?0?101???1??0????112110???1?1111??????10?0??01??????????????????????????????????????????????????????????????????????????????????????????????

Bashkyroleter	???????0??????????0?1????????????2???0212?????10?1110????1000????000?0?1101000??0??0??11?0???0?????11????000??10?10????10????1?0???10????1??0??????211??????1111??????10??0?01??????????????????????????????????????????????????????????????????????????????????????????????

Rhipaeosaurus	?????????????????????????????????????????????????????????????????????????????????????????0???????????????000??0???0????10?????????????????????????1?110????????1???????0????110????????2??0???????10?????0?1?0?0???1???11?0?????011???????00?00?0???????????1???????????????

Lanthanosuchus	?????1????????????0??0???0???1????????10?????????0110??????0????????????1???1???1??0?110?0???10111010??0?000??10?1101?00?????0?0?0?11????11?2???0?1101????2??????????????10?01??????????????????1?0?????????????????????????????????????????????????????????????????????????

Acerodontosaurus	??????????0???????0????10?????000?0000???00???1??00?00???0?1???????????????00000?01????0?1001110???????????????????01??11?????0011??1??????????????????????11?????????1??10?010?000?????000???0????????0??1?002111?00???????????0??????????????01?0??0000000?00?000?0??0???0

Lantholania	?00???000?0???0?00?110000?????00010?00???000?010?00?0011?0?????????????????1000??????????10??110?????????0?1???????01????????????????????????????????1??????1????01?0?????0?01??????????????????????????????????????????????????????????????????????????????????????????????

Hovasaurus	???????????????????????????????0?????????10110101?0?001000010????0110???10?00201?1?????0110010?0?1?1????0?????01110????1??0???01??001?011?1??0101?00010???0?1???????????????0100000?100100011001110?1000001?20210100000110?01?10110000[0 1]0001101001?0??0000000?00?000?00?0???0

Feeserpeton	000??10?0?0???0?00?01000?1???1000000?010200010111011?0110100000?0010001111?0???111011000?0???1001111????00011?1000001000??0100?0?0?11000?10?20??1?11010???0??1110?010010?01?01??????????????????????????????????????????????????????????????????????????????????????????????

Colobmycter	0????1??????????????11???0???1???0???010??????11?010?????1???????01??001???0????1?010000?0???10?1??????0?001[0 1]?10???01?0????????0????1???????????????0?????1??00?0?01???1?01?01??????????????????????????????????????????????????????????????????????????????????????????????

;
